nom: MonScan
date: 28/02/2018
precision: 5
distance: 35
angle: 37
nbTours: 1
H: 0.0
!0.0:0.0:0.0:0.0:0.0:0.0:0.0:0.0:0.0:0.0:0.0:0.0:0.0:0.0:0.0:0.0:0.0:0.0:0.0:0.0:0.0:0.0:0.0:0.0:0.0:0.0:0.0:0.0:0.0:0.0:0.0:0.0:0.0:0.0:0.0:0.0:0.0:0.0:0.0:0.0:0.0:0.0:0.0:0.0:0.0:0.0:0.0:0.0:0.0:0.0:0.0:0.0:0.0:0.0:0.0:0.0:0.0:0.0:0.0:0.0:0.0:0.0:0.0:0.0:0.0:0.0:0.0:0.0:0.0:0.0:0.0:0.0:0.0:0.0:0.0:0.0:0.0:0.0:0.0:0.0:0.0:0.0:0.0:0.0:0.0:0.0:0.0:0.0:0.0:0.0:0.0:0.0:0.0:0.0:0.0:0.0:0.0:0.0:0.0:0.0:0.0:0.0:0.0:0.0:0.0:0.0:0.0:0.0:0.0:0.0:0.0:0.0:0.0:0.0:0.0:0.0:0.0:0.0:0.0:0.0:0.0:0.0:0.0:0.0:0.0:0.0:0.0:0.0:0.0:0.0:0.0:0.0:0.0:0.0:0.0:0.0:0.0:0.0:0.0:0.0:0.0:0.0:0.0:0.0:0.0:0.0:0.0:0.0:0.0:0.0:0.0:0.0:0.0:0.0:0.0:0.0:0.0:0.0:0.0:0.0:0.0:0.0:0.0:0.0:0.0:0.0:0.0:0.0:0.0:0.0:0.0:0.0:0.0:0.0:0.0:0.0:0.0:0.0:0.0:0.0:0.0:0.0:0.0:0.0:0.0:0.0:0.0:0.0:0.0:0.0:0.0:0.0:0.0:0.0:0.0:0.0:0.0:0.0:0.0:0.0:0.0:0.0:0.0:0.0:0.0:0.0:0.0:0.0:0.0:0.0:0.0:0.0:0.0:0.0:0.0:0.0:0.0:0.0:0.0:0.0:0.0:0.0:0.0:0.0:0.0:0.0:0.0:0.0:0.0:0.0:0.0:0.0:0.0:0.0:0.0:0.0:0.0:0.0:0.0:0.0:0.0:0.0:0.0:0.0:0.0:0.0:0.0:0.0:0.0:0.0:0.0:0.0:0.0:0.0:0.0:0.0:0.0:0.0:0.0:0.0:0.0:0.0:0.0:0.0:0.0:0.0:0.0:0.0:0.0:0.0:0.0:0.0:0.0:0.0:0.0:0.0:0.0:0.0:0.0:0.0:0.0:0.0:0.0:0.0:0.0:0.0:0.0:0.0:0.0:361.0:0.0:365.5:367.0:369.0:369.5:369.5:371.0:371.0:370.0:371.0:372.0:373.0:374.0:375.0:375.5:376.5:377.5:377.5:379.0:379.5:380.5:381.0:381.5:382.0:383.0:383.5:384.0:385.0:385.0:385.5:386.5:387.0:387.0:387.0:388.0:388.5:389.0:389.0:389.5:390.0:390.0:391.0:391.5:392.0:393.5:395.0:395.0:395.5:396.0:397.0:398.0:0.0:402.5:405.5:406.5:408.5:410.5:411.5:412.0:413.0:0.0:416.0:416.6666666666667:418.5:419.5:421.0:422.5:424.5:426.0:427.0:428.5:430.0:430.5:431.0:0.0:0.0:0.0:437.5:437.5:438.0:439.0:439.5:440.0:440.5:441.5:442.0:443.5:444.0:445.0:445.5:446.5:447.0:448.0:448.0:449.0:449.5:449.5:450.0:450.0:450.5:451.5:452.0:453.5:453.5:453.5:454.0:455.5:455.5:456.0:456.0:455.0:455.0:456.0:456.0:457.8:458.5:458.5:458.5:459.0:459.0:459.5:459.5:461.0:461.5:461.5:462.0:462.5:462.5:463.0:463.0:463.0:463.0:463.0:463.0:463.0:463.5:463.5:464.0:464.0:466.5:466.5:467.3333333333333:466.5:467.0:469.0:469.0:469.5:469.5:470.5:470.0:469.5:469.5:469.5:469.5:469.5:470.0:470.5:470.5:470.0:470.0:470.5:470.5:470.0:470.0:470.0:0.0:0.0:0.0:0.0:0.0:0.0:0.0:0.0:0.0:0.0:0.0:0.0:0.0:0.0:0.0:0.0:0.0:0.0:0.0:0.0:0.0:0.0:0.0:0.0:0.0: